Time(s)\disp(mm)\Force(Lb)\Force(Lb)
0.000000000000000000e+00	4.300831316974185192e+00	9.660642759999999996e+00	-2.839028673726676644e+01
1.002004008016031981e-03	4.304978641392819938e+00	8.572802440000000246e+00	-2.747654351991931776e+01
2.004008016032063962e-03	4.306784871619759869e+00	7.692169800000000279e+00	-2.656280030257186198e+01
3.006012024048095727e-03	4.306858352699153514e+00	6.552527559999999696e+00	-2.551852233988905994e+01
4.008016032064127925e-03	4.307765506698135738e+00	5.568291080000000726e+00	-2.444161069087241955e+01
5.010020040080160122e-03	4.309868139242101215e+00	4.506351720000000505e+00	-2.342996641452345585e+01
6.012024048096191453e-03	4.311818894749837483e+00	3.463838080000000375e+00	-2.235305476550681192e+01
7.014028056112223651e-03	4.313347660714441645e+00	2.350096800000000208e+00	-2.124350943015633320e+01
8.016032064128255849e-03	4.314954015976831592e+00	1.178078360000000213e+00	-2.023186515380736594e+01
9.018036072144287180e-03	4.317060474523161773e+00	7.728756000000000514e-02	-1.915495350479072201e+01
1.002004008016032024e-02	4.319689629748875603e+00	-1.010552759999999939e+00	-1.814330922844175831e+01
1.102204408817635158e-02	4.322249221103693806e+00	-2.117818800000000223e+00	-1.703376389309127958e+01
1.202404809619238291e-02	4.324104109374029115e+00	-3.166807679999999792e+00	-1.598948593040847577e+01
1.302605210420841597e-02	4.325876277585799734e+00	-4.261123239999999868e+00	-1.497784165405951029e+01
1.402805611222444730e-02	4.328844901335473949e+00	-5.225933999999999635e+00	-1.396619737771054126e+01
1.503006012024048037e-02	4.332379409307433704e+00	-6.261972399999999439e+00	-1.305245416036308903e+01
1.603206412825651170e-02	4.334458019715671462e+00	-7.200882199999999678e+00	-1.210607725668179668e+01
1.703406813627254476e-02	4.334896755708507854e+00	-8.120366279999998937e+00	-1.122496772566818102e+01
1.803607214428857436e-02	4.336183578106804326e+00	-8.910345559999999665e+00	-1.040912556732224026e+01
1.903807615230460742e-02	4.340052919336266690e+00	-9.661473400000000211e+00	-9.658550781643974403e+00
2.004008016032064049e-02	4.344471416846034550e+00	-1.046440316000000159e+01	-8.875342309631871984e+00
2.104208416833667009e-02	4.346743651802396080e+00	-1.120258052000000148e+01	-8.190034896621281035e+00
2.204408817635270315e-02	4.347381928961073783e+00	-1.187600547999999989e+01	-7.504727483610690975e+00
2.304609218436873622e-02	4.348278997450576888e+00	-1.246525232000000116e+01	-6.852053756933939255e+00
2.404809619238476581e-02	4.350067102147187725e+00	-1.307392487999999986e+01	-6.362548461926375687e+00
2.505010020040079888e-02	4.352448721412245369e+00	-1.363079552000000128e+01	-5.807775794251135437e+00
2.605210420841683194e-02	4.354463502951824161e+00	-1.408406232000000102e+01	-5.350904185577408434e+00
2.705410821643286501e-02	4.355167472039504162e+00	-1.455675484000000175e+01	-4.861398890569843978e+00
2.805611222444889460e-02	4.355508720413207691e+00	-1.489994256000000128e+01	-4.567695713565305127e+00
2.905811623246492767e-02	4.357266840920773987e+00	-1.517837787999999932e+01	-4.208725163893091370e+00
3.006012024048096073e-02	4.359895412577935225e+00	-1.550213988000000143e+01	-3.947655673222390416e+00
3.106212424849699033e-02	4.361188051892908923e+00	-1.574172376000000106e+01	-3.653952496217852008e+00
3.206412825651302340e-02	4.360966126743766047e+00	-1.589712952000000179e+01	-3.458150378214826404e+00
3.306613226452905646e-02	4.360652080074927994e+00	-1.613023816000000110e+01	-3.262348260211800355e+00
3.406813627254508953e-02	4.360191414742491389e+00	-1.614966387999999853e+01	-3.229714573877962902e+00
3.507014028056112259e-02	4.359110344580806817e+00	-1.624031724000000310e+01	-3.164447201210287997e+00
3.607214428857714872e-02	4.357914484575217351e+00	-1.627269344000000117e+01	-3.164447201210287997e+00
3.707414829659318178e-02	4.357187753345332482e+00	-1.609786196000000302e+01	-3.131813514876450544e+00
3.807615230460921485e-02	4.357296379842475531e+00	-1.610433719999999980e+01	-3.229714573877962902e+00
3.907815631262524791e-02	4.357719704804249972e+00	-1.600073336000000168e+01	-3.360249319213313601e+00
4.008016032064128098e-02	4.357427450397110213e+00	-1.581942663999999965e+01	-3.556051437216338762e+00
4.108216432865731405e-02	4.356450587286219367e+00	-1.559279324000000244e+01	-3.751853555219364811e+00
4.208416833667334017e-02	4.355586420942307413e+00	-1.532083315999999940e+01	-3.947655673222390416e+00
4.308617234468937324e-02	4.355169786636788665e+00	-1.498412068000000197e+01	-4.208725163893091370e+00
4.408817635270540630e-02	4.354792551098313425e+00	-1.468625964000000117e+01	-4.535062027231467674e+00
4.509018036072143937e-02	4.354087442892958570e+00	-1.429127000000000081e+01	-4.894032576903681431e+00
4.609218436873747243e-02	4.353033245318380651e+00	-1.392865656000000030e+01	-5.285636812909733528e+00
4.709418837675350550e-02	4.351826040846935584e+00	-1.346243927999999990e+01	-5.709874735249622191e+00
4.809619238476953162e-02	4.351001262964048877e+00	-1.296384580000000142e+01	-6.166746343923349194e+00
4.909819639278556469e-02	4.350586043699372851e+00	-1.240697516000000178e+01	-6.721519011598588556e+00
5.010020040080159776e-02	4.349898065132310698e+00	-1.182420356000000083e+01	-7.276291679273828805e+00
5.110220440881763082e-02	4.348578452612590795e+00	-1.124790720000000022e+01	-7.863698033282905620e+00
5.210420841683366389e-02	4.346840258458889217e+00	-1.050325460000000000e+01	-8.483738073625818998e+00
5.310621242484969695e-02	4.345136887683443305e+00	-9.836304880000000139e+00	-9.201679172970248288e+00
5.410821643286573002e-02	4.343708699724662559e+00	-9.039850360000000862e+00	-9.952253958648514143e+00
5.511022044088175614e-02	4.341866850019147961e+00	-8.243395839999999808e+00	-1.076809611699445313e+01
5.611222444889778921e-02	4.338792485047610725e+00	-7.336862240000000313e+00	-1.148603721633888242e+01
5.711422845691382227e-02	4.335656200888617029e+00	-6.443279119999999693e+00	-1.239978043368633465e+01
5.811623246492985534e-02	4.333785337499998391e+00	-5.465517880000000162e+00	-1.328088996469995031e+01
5.911823647294588840e-02	4.331863295552982329e+00	-4.487756640000000630e+00	-1.425990055471508278e+01
6.012024048096192147e-02	4.328599376828962342e+00	-3.522945879999999974e+00	-1.533681220373172316e+01
6.112224448897794760e-02	4.324868093212912434e+00	-2.435105560000000224e+00	-1.625055542107917717e+01
6.212424849699398066e-02	4.322068161479426074e+00	-1.288988079999999981e+00	-1.736010075642965234e+01
6.312625250501001373e-02	4.320450886796769474e+00	-2.076230000000000020e-01	-1.833911134644478480e+01
6.412825651302604679e-02	4.318769154745088379e+00	9.449697200000000130e-01	-1.951392405446293665e+01
6.513026052104207986e-02	4.316313333289548915e+00	1.974532879999999935e+00	-2.052556833081190391e+01
6.613226452905811292e-02	4.314149259595461139e+00	3.120650359999999957e+00	-2.156984629349470595e+01
6.713426853707414599e-02	4.312937998984081034e+00	4.150213520000000322e+00	-2.271202531517902656e+01
6.813627254509017905e-02	4.311713420032758037e+00	5.335182440000000526e+00	-2.378893696419566695e+01
6.913827655310621212e-02	4.309727829138397581e+00	6.481299919999999659e+00	-2.486584861321230733e+01
7.014028056112224518e-02	4.307530400522241898e+00	7.478486880000000170e+00	-2.591012657589510937e+01
7.114228456913826437e-02	4.305600808762124920e+00	8.598703400000001551e+00	-2.701967191124558454e+01
7.214428857715429744e-02	4.304119206242851270e+00	9.563514160000000430e+00	-2.796604881492688222e+01
7.314629258517033050e-02	4.303464305390122036e+00	1.063192876000000098e+01	-2.894505940494200757e+01
7.414829659318636357e-02	4.302842373103742624e+00	1.162264047999999939e+01	-2.985880262228946336e+01
7.515030060120239663e-02	4.301174171111407318e+00	1.243852071999999964e+01	-3.083781321230458872e+01
7.615230460921842970e-02	4.299696523910001567e+00	1.344865816000000081e+01	-3.152312062531517967e+01
7.715430861723446276e-02	4.299488016128429457e+00	1.407028119999999838e+01	-3.233896278366112398e+01
7.815631262525049583e-02	4.298939566464804685e+00	1.479550807999999940e+01	-3.299163651033787659e+01
7.915831663326652889e-02	4.297677037997222449e+00	1.533295299999999983e+01	-3.361167655068078375e+01
8.016032064128256196e-02	4.297427250601160154e+00	1.574736835999999940e+01	-3.406854815935452052e+01
8.116232464929859503e-02	4.297683730319392659e+00	1.599342747999999936e+01	-3.436225133635905138e+01
8.216432865731462809e-02	4.297221838069783750e+00	1.612940751999999733e+01	-3.446015239536056640e+01
8.316633266533066116e-02	4.296945488227966514e+00	1.623948659999999933e+01	-3.455805345436207432e+01
8.416833667334668034e-02	4.297457562832073030e+00	1.632366472000000002e+01	-3.468858819969743479e+01
8.517034068136271341e-02	4.298022826734870350e+00	1.638194187999999940e+01	-3.475385557236510436e+01
8.617234468937874647e-02	4.297921337649455609e+00	1.641431807999999748e+01	-3.472122188603126602e+01
8.717434869739477954e-02	4.297315170364091053e+00	1.645316951999999944e+01	-3.481912294503278105e+01
8.817635270541081260e-02	4.296575674842609160e+00	1.645964475999999976e+01	-3.485175663136661939e+01
8.917835671342684567e-02	4.295465637502648093e+00	1.641431807999999748e+01	-3.485175663136661939e+01
9.018036072144287874e-02	4.294985967137734839e+00	1.625891232000000031e+01	-3.472122188603126602e+01
9.118236472945891180e-02	4.296397870453771972e+00	1.572794263999999842e+01	-3.436225133635905138e+01
9.218436873747494487e-02	4.297506321875125046e+00	1.537827968000000034e+01	-3.393801341401916716e+01
9.318637274549097793e-02	4.295999427327952702e+00	1.490558715999999961e+01	-3.357904286434695251e+01
9.418837675350701100e-02	4.294010166314103039e+00	1.432929079999999900e+01	-3.289373545133636156e+01
9.519038076152304406e-02	4.294112431412265174e+00	1.379184588000000034e+01	-3.227369541099344730e+01
9.619238476953906325e-02	4.295739636345444090e+00	1.293063895999999957e+01	-3.158838799798285635e+01
9.719438877755509631e-02	4.297469295733514549e+00	1.222483779999999953e+01	-3.096834795763993853e+01
9.819639278557112938e-02	4.298895236876857595e+00	1.135068039999999989e+01	-3.005460474029248985e+01
9.919839679358716245e-02	4.300123991468454143e+00	1.055422587999999884e+01	-2.923876258194654909e+01
1.002004008016031955e-01	4.300813760263523911e+00	9.602365600000000612e+00	-2.835765305093293165e+01
1.012024048096192286e-01	4.300911483054442819e+00	8.533951000000000064e+00	-2.744390983358547587e+01
1.022044088176352616e-01	4.301201417149774997e+00	7.633892640000000895e+00	-2.653016661623802719e+01
1.032064128256512947e-01	4.301895392102276894e+00	6.539577080000000819e+00	-2.545325496722138681e+01
1.042084168336673278e-01	4.302811440454687997e+00	5.548865360000000635e+00	-2.447424437720625789e+01
1.052104208416833608e-01	4.304404355957851536e+00	4.461025039999999997e+00	-2.342996641452345585e+01
1.062124248496993939e-01	4.306981686046745139e+00	3.424986640000000193e+00	-2.235305476550681192e+01
1.072144288577154270e-01	4.310111904953184414e+00	2.317720599999999909e+00	-2.134141048915784467e+01
1.082164328657314600e-01	4.312968050954426147e+00	1.152177400000000018e+00	-2.013396409480585447e+01
1.092184368737474792e-01	4.315175418619112691e+00	4.491135999999999739e-02	-1.912231981845688722e+01
1.102204408817635123e-01	4.317206453699390600e+00	-1.029978480000000030e+00	-1.804540816944024328e+01
1.112224448897795454e-01	4.319231848261973816e+00	-2.150195000000000078e+00	-1.703376389309127958e+01
1.122244488977955784e-01	4.320916600376468963e+00	-3.199183880000000091e+00	-1.595685224407463743e+01
1.132264529058116115e-01	4.322447618503810318e+00	-4.293499439999999723e+00	-1.494520796772567017e+01
1.142284569138276445e-01	4.324526113044349529e+00	-5.258310200000000378e+00	-1.396619737771054126e+01
1.152304609218436776e-01	4.327532652025502635e+00	-6.268447639999999765e+00	-1.305245416036308903e+01
1.162324649298597107e-01	4.330940396695049266e+00	-7.220307919999999768e+00	-1.213871094301563325e+01
1.172344689378757437e-01	4.333951741287281223e+00	-8.152742480000000569e+00	-1.122496772566818102e+01
1.182364729458917768e-01	4.336517441625559854e+00	-8.929771279999998868e+00	-1.037649188098840192e+01
1.192384769539078099e-01	4.338860787127378771e+00	-9.693849600000000066e+00	-9.593283408976299498e+00
1.202404809619238429e-01	4.340967726174907781e+00	-1.047735364000000224e+01	-8.875342309631871984e+00
1.212424849699398760e-01	4.343132483458769677e+00	-1.121553100000000036e+01	-8.157401210287444471e+00
1.222444889779558952e-01	4.345488612862592248e+00	-1.188895596000000054e+01	-7.504727483610690975e+00
1.232464929859719283e-01	4.347720187684866566e+00	-1.250410375999999957e+01	-6.917321129601615048e+00
1.242484969939879613e-01	4.349876291671547435e+00	-1.308040012000000196e+01	-6.362548461926375687e+00
1.252505010020039944e-01	4.351885549481306903e+00	-1.364374600000000015e+01	-5.775142107917297096e+00
1.262525050100200275e-01	4.353319904754798131e+00	-1.409053756000000135e+01	-5.383537871911245887e+00
1.272545090180360605e-01	4.354087180811623270e+00	-1.455027960000000320e+01	-4.894032576903681431e+00
1.282565130260520936e-01	4.354197565772307321e+00	-1.491936828000000048e+01	-4.502428340897630221e+00
1.292585170340681266e-01	4.354275495060557333e+00	-1.518485312000000143e+01	-4.176091477559253917e+00
1.302605210420841597e-01	4.355524251742442843e+00	-1.550861512000000175e+01	-3.882388300554715510e+00
1.312625250501001928e-01	4.357634821675594239e+00	-1.572877328000000219e+01	-3.621318809884014556e+00
1.322645290581162258e-01	4.359231806352167560e+00	-1.591008000000000244e+01	-3.425516691880988951e+00
1.332665330661322589e-01	4.359872144342929801e+00	-1.613671340000000143e+01	-3.360249319213313601e+00
1.342685370741482920e-01	4.359914100189913100e+00	-1.614318864000000175e+01	-3.262348260211800355e+00
1.352705410821643250e-01	4.359815990321284751e+00	-1.623384199999999922e+01	-3.131813514876450544e+00
1.362725450901803581e-01	4.359639981422543720e+00	-1.625326772000000375e+01	-3.131813514876450544e+00
1.372745490981963912e-01	4.359588302643556901e+00	-1.607843624000000204e+01	-3.164447201210287997e+00
1.382765531062124242e-01	4.359766044759147086e+00	-1.609138671999999914e+01	-3.197080887544125449e+00
1.392785571142284573e-01	4.359337871871828085e+00	-1.598130764000000248e+01	-3.360249319213313601e+00
1.402805611222444904e-01	4.358447428077025343e+00	-1.581295140000000110e+01	-3.490784064548663856e+00
1.412825651302604957e-01	4.357722722460451337e+00	-1.555394180000000226e+01	-3.686586182551689461e+00
1.422845691382765287e-01	4.356196799674717290e+00	-1.532083315999999940e+01	-3.980289359556227868e+00
1.432865731462925618e-01	4.354282362822521790e+00	-1.495174448000000211e+01	-4.176091477559253917e+00
1.442885771543085949e-01	4.354292078173284786e+00	-1.467978440000000262e+01	-4.600329399899142579e+00
1.452905811623246279e-01	4.355630784314723059e+00	-1.427831952000000193e+01	-4.926666263237518883e+00
1.462925851703406610e-01	4.355425704136137277e+00	-1.392218132000000175e+01	-5.318270499243570981e+00
1.472945891783566941e-01	4.353489681289054225e+00	-1.344948880000000280e+01	-5.775142107917297096e+00
1.482965931863727271e-01	4.352201380720195800e+00	-1.295737056000000109e+01	-6.199380030257186647e+00
1.492985971943887602e-01	4.352442546502818033e+00	-1.238754944000000080e+01	-6.819420070600100914e+00
1.503006012024047933e-01	4.352013875795852194e+00	-1.181125308000000196e+01	-7.276291679273828805e+00
1.513026052104208263e-01	4.349157482227724358e+00	-1.124143196000000167e+01	-7.896331719616743072e+00
1.523046092184368594e-01	4.345490608169541247e+00	-1.048382888000000079e+01	-8.581639132627334021e+00
1.533066132264528925e-01	4.343151628908676010e+00	-9.810403920000000610e+00	-9.234312859304084853e+00
1.543086172344689255e-01	4.342163591928382083e+00	-9.000998919999998904e+00	-9.984887644982350707e+00
1.553106212424849586e-01	4.341490397034436732e+00	-8.230445360000000932e+00	-1.070282874432677822e+01
1.563126252505009917e-01	4.340212872386073784e+00	-7.310961279999999896e+00	-1.155130458900655732e+01
1.573146292585170247e-01	4.338227466711911617e+00	-6.410902919999999838e+00	-1.236714674735249808e+01
1.583166332665330578e-01	4.336008030994068285e+00	-5.459042639999999835e+00	-1.331352365103379043e+01
1.593186372745490909e-01	4.333539262195331254e+00	-4.468330919999999651e+00	-1.429253424104891934e+01
1.603206412825651239e-01	4.330569937123481594e+00	-3.490569679999999675e+00	-1.523891114473020991e+01
1.613226452905811570e-01	4.327295425273185892e+00	-2.402729360000000369e+00	-1.628318910741301195e+01
1.623246492985971901e-01	4.324749214815631682e+00	-1.269562360000000112e+00	-1.736010075642965234e+01
1.633266533066132231e-01	4.323447102679781828e+00	-1.817220400000000013e-01	-1.843701240544629627e+01
1.643286573146292562e-01	4.321621160180080246e+00	9.643954399999999927e-01	-1.944865668179526352e+01
1.653306613226452892e-01	4.318490302537684400e+00	1.987483359999999921e+00	-2.055820201714574225e+01
1.663326653306613223e-01	4.316101414825916471e+00	3.140076080000000491e+00	-2.166774735249622097e+01
1.673346693386773276e-01	4.315279787069394857e+00	4.163164000000000087e+00	-2.271202531517902656e+01
1.683366733466933607e-01	4.314711947242303225e+00	5.367558640000000381e+00	-2.382157065052950529e+01
1.693386773547093938e-01	4.313572661695257437e+00	6.507200880000000076e+00	-2.486584861321230733e+01
1.703406813627254268e-01	4.311841389500745692e+00	7.517338320000000351e+00	-2.597539394856278605e+01
1.713426853707414599e-01	4.309462465381099783e+00	8.663455800000001261e+00	-2.705230559757942643e+01
1.723446893787574929e-01	4.307036251497343038e+00	9.595890360000000285e+00	-2.799868250126071700e+01
1.733466933867735260e-01	4.305721973164869709e+00	1.069020592000000036e+01	-2.897769309127584947e+01
1.743486973947895591e-01	4.305283420064522026e+00	1.165501667999999924e+01	-2.985880262228946336e+01
1.753507014028055921e-01	4.304675393590695620e+00	1.247089691999999772e+01	-3.083781321230458872e+01
1.763527054108216252e-01	4.303878438067450851e+00	1.347455912000000033e+01	-3.155575431164902156e+01
1.773547094188376583e-01	4.302986387233791454e+00	1.411560787999999889e+01	-3.240423015632879356e+01
1.783567134268536913e-01	4.301515830034642995e+00	1.483435951999999958e+01	-3.305690388300555327e+01
1.793587174348697244e-01	4.299948962641598982e+00	1.537180443999999824e+01	-3.370957760968229877e+01
1.803607214428857575e-01	4.299532996201293145e+00	1.578621979999999780e+01	-3.416644921835602844e+01
1.813627254509017905e-01	4.299789986234779704e+00	1.601932843999999889e+01	-3.436225133635905138e+01
1.823647294589178236e-01	4.299574564926414766e+00	1.616178371999999897e+01	-3.452541976802824308e+01
1.833667334669338567e-01	4.299599492118539423e+00	1.627186279999999741e+01	-3.465595451336358934e+01
1.843687374749498897e-01	4.300471630979164850e+00	1.634956568000000132e+01	-3.468858819969743479e+01
1.853707414829659228e-01	4.300901433222801273e+00	1.640136760000000038e+01	-3.475385557236510436e+01
1.863727454909819559e-01	4.300065798516760296e+00	1.643374380000000201e+01	-3.481912294503278105e+01
1.873747494989979889e-01	4.299134768722561617e+00	1.647259523999999686e+01	-3.485175663136661939e+01
1.883767535070140220e-01	4.299094660948828306e+00	1.649202096000000139e+01	-3.491702400403429607e+01
1.893787575150300551e-01	4.299232904891164608e+00	1.645964475999999976e+01	-3.491702400403429607e+01
1.903807615230460881e-01	4.298636475379864486e+00	1.629128852000000194e+01	-3.475385557236510436e+01
1.913827655310621212e-01	4.297901686090174422e+00	1.577326931999999893e+01	-3.439488502269288972e+01
1.923847695390781265e-01	4.298174949212230089e+00	1.541065588000000020e+01	-3.397064710035299839e+01
1.933867735470941596e-01	4.299100019288555785e+00	1.493796335999999947e+01	-3.351377549167927583e+01
1.943887775551101926e-01	4.299729580927261097e+00	1.436166700000000063e+01	-3.292636913767019280e+01
1.953907815631262257e-01	4.299932082338216333e+00	1.383717255999999907e+01	-3.230632909732728564e+01
1.963927855711422588e-01	4.300063226533276328e+00	1.295006468000000055e+01	-3.162102168431669469e+01
1.973947895791582918e-01	4.300432214280832000e+00	1.225721399999999761e+01	-3.096834795763993853e+01
1.983967935871743249e-01	4.300688498331505016e+00	1.137010611999999909e+01	-3.015250579929399777e+01
1.993987975951903580e-01	4.300781136724830311e+00	1.058660207999999869e+01	-2.923876258194654909e+01
2.004008016032063910e-01	4.301621354515337003e+00	9.647692280000001119e+00	-2.845555410993444312e+01
2.014028056112224241e-01	4.303205602697442345e+00	8.559851959999999593e+00	-2.744390983358547587e+01
2.024048096192384572e-01	4.304598855342687713e+00	7.653318360000000098e+00	-2.656280030257186198e+01
2.034068136272544902e-01	4.305873348445037330e+00	6.559002800000000022e+00	-2.545325496722138681e+01
2.044088176352705233e-01	4.307546235371367160e+00	5.548865360000000635e+00	-2.450687806354009624e+01
2.054108216432865563e-01	4.309187649163471079e+00	4.486926000000000414e+00	-2.342996641452345585e+01
2.064128256513025894e-01	4.310302406408301756e+00	3.437937120000000402e+00	-2.238568845184064671e+01
2.074148296593186225e-01	4.311724762001373001e+00	2.337146319999999999e+00	-2.127614311649017154e+01
2.084168336673346555e-01	4.314235952194374946e+00	1.158652640000000122e+00	-2.023186515380736594e+01
2.094188376753506886e-01	4.316605736291893258e+00	7.081231999999999804e-02	-1.908968613212304888e+01
2.104208416833667217e-01	4.317987301916326182e+00	-1.010552759999999939e+00	-1.804540816944024328e+01
2.114228456913827547e-01	4.319909705765410557e+00	-2.130769280000000432e+00	-1.700113020675744124e+01
2.124248496993987878e-01	4.323327164133599965e+00	-3.179758159999999556e+00	-1.595685224407463743e+01
2.134268537074148209e-01	4.326986420968846225e+00	-4.280548959999999958e+00	-1.497784165405951029e+01
2.144288577154308539e-01	4.329354412601507107e+00	-5.219458760000000197e+00	-1.396619737771054126e+01
2.154308617234468870e-01	4.330567130637040130e+00	-6.268447639999999765e+00	-1.311772153303076394e+01
2.164328657314629201e-01	4.332177897359901664e+00	-7.207357439999999116e+00	-1.213871094301563325e+01
2.174348697394789531e-01	4.334624019189372568e+00	-8.133316759999999590e+00	-1.125760141200201758e+01
2.184368737474949584e-01	4.336809469527338479e+00	-8.910345559999999665e+00	-1.037649188098840192e+01
2.194388777555109915e-01	4.338483484542250856e+00	-9.667948640000000537e+00	-9.625917095310136062e+00
2.204408817635270246e-01	4.340487124388992868e+00	-1.045792792000000127e+01	-8.875342309631871984e+00
2.214428857715430576e-01	4.343051310207707516e+00	-1.120905576000000181e+01	-8.190034896621281035e+00
2.224448897795590907e-01	4.345571129386692100e+00	-1.187600547999999989e+01	-7.504727483610690975e+00
2.234468937875751238e-01	4.347748174346498296e+00	-1.249115328000000069e+01	-6.884687443267777596e+00
2.244488977955911568e-01	4.349861794312858798e+00	-1.306744964000000131e+01	-6.395182148260213140e+00
2.254509018036071899e-01	4.351798802762579577e+00	-1.361784504000000062e+01	-5.807775794251135437e+00
2.264529058116232230e-01	4.353324372382828322e+00	-1.407758708000000070e+01	-5.350904185577408434e+00
2.274549098196392560e-01	4.354579674462360828e+00	-1.455675484000000175e+01	-4.959299949571357224e+00
2.284569138276552891e-01	4.355021612792680408e+00	-1.490641779999999983e+01	-4.535062027231467674e+00
2.294589178356713222e-01	4.354752701594336806e+00	-1.518485312000000143e+01	-4.208725163893091370e+00
2.304609218436873552e-01	4.355593634571389927e+00	-1.552156560000000241e+01	-3.915021986888552963e+00
2.314629258517033883e-01	4.357624510541659113e+00	-1.572229804000000186e+01	-3.686586182551689461e+00
2.324649298597194214e-01	4.358827817787979342e+00	-1.590360476000000034e+01	-3.490784064548663856e+00
2.334669338677354544e-01	4.358620449182895484e+00	-1.613671340000000143e+01	-3.360249319213313601e+00
2.344689378757514875e-01	4.358086871596744238e+00	-1.616261435999999918e+01	-3.197080887544125449e+00
2.354709418837675206e-01	4.358136562686854454e+00	-1.626621820000000085e+01	-3.164447201210287997e+00
2.364729458917835536e-01	4.358462010097698958e+00	-1.627269344000000117e+01	-3.197080887544125449e+00
2.374749498997995867e-01	4.358371232162122411e+00	-1.610433719999999980e+01	-3.164447201210287997e+00
2.384769539078156197e-01	4.357788480713077561e+00	-1.609786196000000302e+01	-3.164447201210287997e+00
2.394789579158316528e-01	4.356610746376685661e+00	-1.599425812000000136e+01	-3.327615632879475704e+00
2.404809619238476859e-01	4.355600030510759169e+00	-1.582590188000000175e+01	-3.556051437216338762e+00
2.414829659318637189e-01	4.356066371025729467e+00	-1.559279324000000244e+01	-3.686586182551689461e+00
2.424849699398797520e-01	4.356858929661242996e+00	-1.534025888000000215e+01	-3.915021986888552963e+00
2.434869739478957851e-01	4.356074976337684923e+00	-1.497764543999999987e+01	-4.208725163893091370e+00
2.444889779559117904e-01	4.354839406680135028e+00	-1.468625964000000117e+01	-4.535062027231467674e+00
2.454909819639278235e-01	4.354895008957162972e+00	-1.430422048000000146e+01	-4.861398890569843978e+00
2.464929859719438565e-01	4.354825024827991164e+00	-1.394160704000000095e+01	-5.285636812909733528e+00
2.474949899799598896e-01	4.352766298199770567e+00	-1.345596404000000135e+01	-5.709874735249622191e+00
2.484969939879759226e-01	4.350239995483001110e+00	-1.297679628000000029e+01	-6.166746343923349194e+00
2.494989979959919557e-01	4.349155066097380562e+00	-1.240697516000000178e+01	-6.688885325264751103e+00
2.505010020040079888e-01	4.348492113359637479e+00	-1.184362928000000181e+01	-7.211024306606152123e+00
2.515030060120240218e-01	4.347024151143139115e+00	-1.126085768000000087e+01	-8.026866464952092883e+00
2.525050100200400549e-01	4.345164615987668455e+00	-1.049677936000000145e+01	-8.516371759959659116e+00
2.535070140280560880e-01	4.343348342654101302e+00	-9.842780120000000466e+00	-9.234312859304084853e+00
2.545090180360721210e-01	4.341786819446745049e+00	-9.033375120000000535e+00	-9.886986585980837461e+00
2.555110220440881541e-01	4.340770734786729257e+00	-8.269296799999999337e+00	-1.070282874432677822e+01
2.565130260521041872e-01	4.339454077738289506e+00	-7.343337479999999751e+00	-1.148603721633888242e+01
2.575150300601202202e-01	4.336494238443641791e+00	-6.443279119999999693e+00	-1.233451306101865974e+01
2.585170340681362533e-01	4.332574017063709704e+00	-5.471993120000000488e+00	-1.324825627836611375e+01
2.595190380761522864e-01	4.329603896314992539e+00	-4.513657600000000159e+00	-1.425990055471508278e+01
2.605210420841683194e-01	4.327678507887185333e+00	-3.529421119999999856e+00	-1.523891114473020991e+01
2.615230460921843525e-01	4.325041119637776710e+00	-2.454531280000000315e+00	-1.628318910741301195e+01
2.625250501002003856e-01	4.321277496697539355e+00	-1.282512840000000320e+00	-1.732746707009581755e+01
2.635270541082164186e-01	4.318326705766095230e+00	-2.140982399999999952e-01	-1.840437871911246148e+01
2.645290581162324517e-01	4.316906813509358010e+00	9.384944800000000198e-01	-1.938338930912758684e+01
2.655310621242484848e-01	4.315503706170807696e+00	1.955107160000000066e+00	-2.046030095814423078e+01
2.665330661322645178e-01	4.313568640343672378e+00	3.094749400000000428e+00	-2.160247997982854429e+01
2.675350701402805509e-01	4.311556388428503084e+00	4.137263040000000558e+00	-2.267939162884518822e+01
2.685370741482965840e-01	4.309532277910388842e+00	5.335182440000000526e+00	-2.378893696419566695e+01
2.695390781563126170e-01	4.307954499002298654e+00	6.461874200000000457e+00	-2.483321492687846899e+01
2.705410821643286501e-01	4.306979830200458714e+00	7.478486880000000170e+00	-2.587749288956127103e+01
2.715430861723446831e-01	4.305913424116116772e+00	8.618129119999998977e+00	-2.692177085224407662e+01
2.725450901803607162e-01	4.304585637716701108e+00	9.557038920000000104e+00	-2.793341512859304387e+01
2.735470941883767493e-01	4.303361943402274292e+00	1.063192876000000098e+01	-2.901032677760968426e+01
2.745490981963927823e-01	4.302267065442165972e+00	1.158378903999999920e+01	-2.992406999495714004e+01
2.755511022044088154e-01	4.300639372254631887e+00	1.243852071999999964e+01	-3.073991215330308080e+01
2.765531062124248485e-01	4.298500161256255225e+00	1.342923243999999805e+01	-3.155575431164902156e+01
2.775551102204408815e-01	4.297781038677707777e+00	1.408323167999999903e+01	-3.230632909732728564e+01
2.785571142284569146e-01	4.299165851180027254e+00	1.477608236000000019e+01	-3.299163651033787659e+01
2.795591182364729477e-01	4.300090147259627571e+00	1.536532919999999969e+01	-3.357904286434695251e+01
2.805611222444889807e-01	4.298938615823305831e+00	1.575384359999999973e+01	-3.403591447302067508e+01
2.815631262525050138e-01	4.297457383643730644e+00	1.598695223999999904e+01	-3.436225133635905138e+01
2.825651302605209914e-01	4.297127271750253996e+00	1.612293228000000056e+01	-3.449278608169440474e+01
2.835671342685370244e-01	4.297563169879277112e+00	1.623301135999999900e+01	-3.462332082702975811e+01
2.845691382765530575e-01	4.298186306386845956e+00	1.633013995999999679e+01	-3.468858819969743479e+01
2.855711422845690906e-01	4.297888505222151601e+00	1.636899139999999875e+01	-3.472122188603126602e+01
2.865731462925851236e-01	4.296152508929960590e+00	1.642726855999999813e+01	-3.481912294503278105e+01
2.875751503006011567e-01	4.294994351499485497e+00	1.646612000000000009e+01	-3.485175663136661939e+01
2.885771543086171897e-01	4.295587283016496727e+00	1.647259523999999686e+01	-3.478648925869894271e+01
2.895791583166332228e-01	4.296143185325078662e+00	1.641431807999999748e+01	-3.485175663136661939e+01
2.905811623246492559e-01	4.295994303374942369e+00	1.627186279999999741e+01	-3.472122188603126602e+01
2.915831663326652889e-01	4.296326113243535083e+00	1.574736835999999940e+01	-3.436225133635905138e+01
2.925851703406813220e-01	4.296626473427343385e+00	1.539123015999999922e+01	-3.397064710035299839e+01
2.935871743486973551e-01	4.295752422766943468e+00	1.490558715999999961e+01	-3.341587443267776081e+01
2.945891783567133881e-01	4.294935499044099103e+00	1.432929079999999900e+01	-3.295900282400403825e+01
2.955911823647294212e-01	4.295666215988561021e+00	1.379832111999999888e+01	-3.233896278366112398e+01
2.965931863727454543e-01	4.296921976422335199e+00	1.292416371999999924e+01	-3.155575431164902156e+01
2.975951903807614873e-01	4.297593502565312029e+00	1.223131303999999986e+01	-3.093571427130610374e+01
2.985971943887775204e-01	4.298403062554341680e+00	1.134420516000000134e+01	-3.021777317196167445e+01
2.995991983967935535e-01	4.299497676761112608e+00	1.059307731999999902e+01	-2.930402995461422222e+01
3.006012024048095865e-01	4.300075399832119061e+00	9.647692280000001119e+00	-2.839028673726676644e+01
3.016032064128256196e-01	4.300363387317347907e+00	8.553376719999999267e+00	-2.744390983358547587e+01
3.026052104208416527e-01	4.301105621481502439e+00	7.679219320000000515e+00	-2.649753292990418529e+01
3.036072144288576857e-01	4.302464859512706852e+00	6.533101840000000493e+00	-2.545325496722138681e+01
3.046092184368737188e-01	4.304124574895733524e+00	5.555340600000000961e+00	-2.447424437720625789e+01
3.056112224448897519e-01	4.305717424381716008e+00	4.480450760000000088e+00	-2.342996641452345585e+01
3.066132264529057849e-01	4.307562229367451145e+00	3.457362840000000048e+00	-2.241832213817448505e+01
3.076152304609218180e-01	4.310027581298268906e+00	2.343621559999999882e+00	-2.130877680282400632e+01
3.086172344689378511e-01	4.312353433738491226e+00	1.152177400000000018e+00	-2.019923146747352760e+01
3.096192384769538841e-01	4.314368292124745707e+00	6.433707999999999094e-02	-1.912231981845688722e+01
3.106212424849699172e-01	4.316968191954814849e+00	-9.976022799999999524e-01	-1.807804185577408163e+01
3.116232464929859503e-01	4.319977153733741027e+00	-2.117818800000000223e+00	-1.700113020675744124e+01
3.126252505010019833e-01	4.322960788059855730e+00	-3.179758159999999556e+00	-1.598948593040847577e+01
3.136272545090180164e-01	4.325473755606535242e+00	-4.280548959999999958e+00	-1.501047534039334685e+01
3.146292585170340494e-01	4.326717290996391796e+00	-5.219458760000000197e+00	-1.399883106404437960e+01
3.156312625250500825e-01	4.327866698824400338e+00	-6.261972399999999439e+00	-1.301982047402925069e+01
3.166332665330661156e-01	4.330803539037068717e+00	-7.200882199999999678e+00	-1.210607725668179668e+01
3.176352705410821486e-01	4.334775811400256806e+00	-8.126841519999999264e+00	-1.122496772566818102e+01
3.186372745490981817e-01	4.337656475911010112e+00	-8.903870319999999339e+00	-1.040912556732224026e+01
3.196392785571142148e-01	4.339436807659713402e+00	-9.667948640000000537e+00	-9.658550781643974403e+00
3.206412825651302478e-01	4.341797576989018026e+00	-1.046440316000000159e+01	-8.875342309631871984e+00
3.216432865731462809e-01	4.344706778160878358e+00	-1.119610528000000116e+01	-8.190034896621281035e+00
3.226452905811623140e-01	4.346897672561309101e+00	-1.187600547999999989e+01	-7.504727483610690975e+00
3.236472945891783470e-01	4.348571019528188586e+00	-1.249115328000000069e+01	-6.884687443267777596e+00
3.246492985971943801e-01	4.350628347823572106e+00	-1.306097440000000098e+01	-6.395182148260213140e+00
3.256513026052104132e-01	4.352733462588089353e+00	-1.363727076000000160e+01	-5.807775794251135437e+00
3.266533066132264462e-01	4.354089351582888234e+00	-1.407111184000000037e+01	-5.318270499243570981e+00
3.276553106212424793e-01	4.354839713766565978e+00	-1.455675484000000175e+01	-4.926666263237518883e+00
3.286573146292585124e-01	4.355519672090701455e+00	-1.489994256000000128e+01	-4.535062027231467674e+00
3.296593186372745454e-01	4.356439583092946322e+00	-1.517837787999999932e+01	-4.208725163893091370e+00
3.306613226452905785e-01	4.357694787592294894e+00	-1.548918940000000077e+01	-3.882388300554715510e+00
3.316633266533066116e-01	4.358952158263978305e+00	-1.572229804000000186e+01	-3.653952496217852008e+00
3.326653306613226446e-01	4.359940882672319162e+00	-1.587770380000000081e+01	-3.490784064548663856e+00
3.336673346693386222e-01	4.360676657368549591e+00	-1.612376292000000078e+01	-3.327615632879475704e+00
3.346693386773546552e-01	4.361016305287983563e+00	-1.614318864000000175e+01	-3.197080887544125449e+00
3.356713426853706883e-01	4.361198774448010518e+00	-1.624031724000000310e+01	-3.164447201210287997e+00
3.366733466933867214e-01	4.361517584242542434e+00	-1.624031724000000310e+01	-3.131813514876450544e+00
3.376753507014027544e-01	4.361359705445891244e+00	-1.607196100000000172e+01	-3.131813514876450544e+00
3.386773547094187875e-01	4.360779909619005856e+00	-1.607196100000000172e+01	-3.229714573877962902e+00
3.396793587174348206e-01	4.360708357809013336e+00	-1.596835716000000183e+01	-3.360249319213313601e+00
3.406813627254508536e-01	4.360522901256316253e+00	-1.580000092000000222e+01	-3.556051437216338762e+00
3.416833667334668867e-01	4.359437380053180711e+00	-1.556041704000000081e+01	-3.719219868885526914e+00
3.426853707414829198e-01	4.358620848906638479e+00	-1.532083315999999940e+01	-3.947655673222390416e+00
3.436873747494989528e-01	4.358514684496483937e+00	-1.493879400000000146e+01	-4.208725163893091370e+00
3.446893787575149859e-01	4.357744839919346802e+00	-1.465388344000000131e+01	-4.567695713565305127e+00
3.456913827655310190e-01	4.356121925863930322e+00	-1.427831952000000193e+01	-4.861398890569843978e+00
3.466933867735470520e-01	4.354866681034331499e+00	-1.390275560000000077e+01	-5.285636812909733528e+00
3.476953907815630851e-01	4.353837709188677074e+00	-1.343653832000000214e+01	-5.709874735249622191e+00
3.486973947895791182e-01	4.352102757584964898e+00	-1.294442008000000044e+01	-6.232013716591024100e+00
3.496993987975951512e-01	4.350699592985741049e+00	-1.241992564000000066e+01	-6.656251638930912762e+00
3.507014028056111843e-01	4.350655571419432377e+00	-1.179182736000000276e+01	-7.276291679273828805e+00
3.517034068136272174e-01	4.350067265701992092e+00	-1.124143196000000167e+01	-7.994232778618255431e+00
3.527054108216432504e-01	4.347884569554205214e+00	-1.047087840000000014e+01	-8.483738073625818998e+00
3.537074148296592835e-01	4.346126725019112236e+00	-9.797453439999999958e+00	-9.201679172970248288e+00
3.547094188376753165e-01	4.345048881164349730e+00	-9.020424639999999883e+00	-9.952253958648514143e+00
3.557114228456913496e-01	4.342802567214429921e+00	-8.223970120000000605e+00	-1.070282874432677822e+01
3.567134268537073827e-01	4.339743350472609507e+00	-7.330386999999999986e+00	-1.151867090267271898e+01
3.577154308617234157e-01	4.337415614679952292e+00	-6.436803880000000255e+00	-1.243241412002017299e+01
3.587174348697394488e-01	4.335939873238888076e+00	-5.459042639999999835e+00	-1.328088996469995031e+01
3.597194388777554819e-01	4.334589137917483903e+00	-4.494231880000000068e+00	-1.429253424104891934e+01
3.607214428857715149e-01	4.332284760997897166e+00	-3.503520159999999883e+00	-1.523891114473020991e+01
3.617234468937875480e-01	4.328498866411193191e+00	-2.422155080000000460e+00	-1.638109016641452698e+01
3.627254509018035811e-01	4.324564694482760707e+00	-1.269562360000000112e+00	-1.732746707009581755e+01
3.637274549098196141e-01	4.321867423568550137e+00	-1.946725200000000155e-01	-1.843701240544629627e+01
3.647294589178356472e-01	4.320177102873023145e+00	9.643954399999999927e-01	-1.944865668179526352e+01
3.657314629258516803e-01	4.318401381768372183e+00	1.968057640000000053e+00	-2.052556833081190391e+01
3.667334669338677133e-01	4.315750369272564058e+00	3.127125600000000283e+00	-2.160247997982854429e+01
3.677354709418837464e-01	4.313211213647149656e+00	4.143738279999999996e+00	-2.267939162884518822e+01
3.687374749498997795e-01	4.312407789860389862e+00	5.374033879999999819e+00	-2.382157065052950529e+01
3.697394789579158125e-01	4.312691336120119345e+00	6.500725640000000638e+00	-2.480058124054463420e+01
3.707414829659318456e-01	4.311799337037793833e+00	7.497912600000001149e+00	-2.597539394856278605e+01
3.717434869739478787e-01	4.309291793385352065e+00	8.637554839999999956e+00	-2.695440453857791141e+01
3.727454909819639117e-01	4.307083657367362761e+00	9.608840840000000938e+00	-2.796604881492688222e+01
3.737474949899799448e-01	4.305954619854751364e+00	1.067725543999999971e+01	-2.894505940494200757e+01
3.747494989979959779e-01	4.305041037307353768e+00	1.162264047999999939e+01	-2.989143630862329815e+01
3.757515030060120109e-01	4.304286540877015454e+00	1.245147120000000029e+01	-3.077254583963691559e+01
3.767535070140280440e-01	4.303612617880701485e+00	1.346160863999999968e+01	-3.155575431164902156e+01
3.777555110220440771e-01	4.302577790536377123e+00	1.408970692000000113e+01	-3.237159646999496232e+01
3.787575150300601101e-01	4.301680423052566482e+00	1.482140903999999892e+01	-3.305690388300555327e+01
3.797595190380761432e-01	4.301116684680023283e+00	1.539123015999999922e+01	-3.364431023701462919e+01
3.807615230460921762e-01	4.300483969140241669e+00	1.577326931999999893e+01	-3.413381553202219010e+01
3.817635270541082093e-01	4.299883094140610318e+00	1.603875415999999987e+01	-3.436225133635905138e+01
3.827655310621242424e-01	4.299558622283886855e+00	1.617473419999999962e+01	-3.455805345436207432e+01
3.837675350701402754e-01	4.299545833504874182e+00	1.629128852000000194e+01	-3.465595451336358934e+01
3.847695390781562530e-01	4.299616313895386455e+00	1.636899139999999875e+01	-3.475385557236510436e+01
3.857715430861722861e-01	4.299457566139219367e+00	1.642726855999999813e+01	-3.481912294503278105e+01
3.867735470941883191e-01	4.298522800223000040e+00	1.647259523999999686e+01	-3.481912294503278105e+01
3.877755511022043522e-01	4.296979009249404236e+00	1.649202096000000139e+01	-3.485175663136661939e+01
3.887775551102203853e-01	4.296662636347116759e+00	1.651144667999999882e+01	-3.491702400403429607e+01
3.897795591182364183e-01	4.297720575646160057e+00	1.645964475999999976e+01	-3.488439031770045773e+01
3.907815631262524514e-01	4.298044512686495011e+00	1.629776375999999871e+01	-3.465595451336358934e+01
3.917835671342684845e-01	4.297422445015183001e+00	1.578621979999999780e+01	-3.432961765002522014e+01
3.927855711422845175e-01	4.297467906535199944e+00	1.543008159999999762e+01	-3.400328078668684384e+01
3.937875751503005506e-01	4.298469662404290403e+00	1.493796335999999947e+01	-3.351377549167927583e+01
3.947895791583165837e-01	4.298709311673715838e+00	1.436166700000000063e+01	-3.295900282400403825e+01
3.957915831663326167e-01	4.297502621279843282e+00	1.381774683999999986e+01	-3.230632909732728564e+01
3.967935871743486498e-01	4.296855619573140217e+00	1.296949039999999798e+01	-3.162102168431669469e+01
3.977955911823646828e-01	4.298075873488060417e+00	1.225721399999999761e+01	-3.093571427130610374e+01
3.987975951903807159e-01	4.300045523599118624e+00	1.137010611999999909e+01	-3.011987211296016298e+01
3.997995991983967490e-01	4.301457889372300336e+00	1.060602779999999967e+01	-2.923876258194654909e+01
4.008016032064127820e-01	4.301995966430835594e+00	9.667118000000000322e+00	-2.845555410993444312e+01
4.018036072144288151e-01	4.302337783035262042e+00	8.566327199999999920e+00	-2.750917720625315255e+01
4.028056112224448482e-01	4.303830514011956154e+00	7.685694559999999953e+00	-2.649753292990418529e+01
4.038076152304608812e-01	4.306221736621297147e+00	6.552527559999999696e+00	-2.545325496722138681e+01
4.048096192384769143e-01	4.307599894290908615e+00	5.561815840000000399e+00	-2.440897700453858121e+01
4.058116232464929474e-01	4.307965139768093366e+00	4.512826959999999943e+00	-2.342996641452345585e+01
4.068136272545089804e-01	4.309076083362044507e+00	3.450887600000000610e+00	-2.238568845184064671e+01
4.078156312625250135e-01	4.311184231328555327e+00	2.350096800000000208e+00	-2.127614311649017154e+01
4.088176352705410466e-01	4.313176677253677482e+00	1.158652640000000122e+00	-2.019923146747352760e+01
4.098196392785570796e-01	4.315216941715092069e+00	5.786183999999999772e-02	-1.915495350479072201e+01
4.108216432865731127e-01	4.318042075737934304e+00	-1.010552759999999939e+00	-1.804540816944024328e+01
4.118236472945891458e-01	4.320419449600335859e+00	-2.130769280000000432e+00	-1.696849652042360290e+01
4.128256513026051788e-01	4.321548729855044790e+00	-3.192708639999999765e+00	-1.598948593040847577e+01
4.138276553106212119e-01	4.322807686246484593e+00	-4.280548959999999958e+00	-1.494520796772567017e+01
4.148296593186372450e-01	4.324915846713568435e+00	-5.245359719999999726e+00	-1.399883106404437960e+01
4.158316633266532780e-01	4.327530065950575988e+00	-6.287873360000000744e+00	-1.301982047402925069e+01
4.168336673346693111e-01	4.330478931490766570e+00	-7.226783160000000095e+00	-1.210607725668179668e+01
4.178356713426853442e-01	4.333607189994156172e+00	-8.146267240000000243e+00	-1.122496772566818102e+01
4.188376753507013772e-01	4.336387432892422567e+00	-8.936246519999999194e+00	-1.040912556732224026e+01
4.198396793587174103e-01	4.338421614671440274e+00	-9.680899120000001190e+00	-9.593283408976299498e+00
4.208416833667334433e-01	4.340536532918275014e+00	-1.047087840000000014e+01	-8.842708623298033643e+00
4.218436873747494764e-01	4.343603003197917367e+00	-1.120905576000000181e+01	-8.157401210287444471e+00
4.228456913827655095e-01	4.346533070275783395e+00	-1.189543120000000087e+01	-7.504727483610690975e+00
4.238476953907815425e-01	4.347845307995528152e+00	-1.251057900000000167e+01	-6.884687443267777596e+00
4.248496993987975756e-01	4.348222517598374637e+00	-1.308687536000000051e+01	-6.329914775592538234e+00
4.258517034068136087e-01	4.348991597018446065e+00	-1.365022124000000225e+01	-5.807775794251135437e+00
4.268537074148296417e-01	4.350489115762457892e+00	-1.409701280000000168e+01	-5.285636812909733528e+00
4.278557114228456748e-01	4.352925955820988513e+00	-1.456323008000000030e+01	-4.959299949571357224e+00
4.288577154308617079e-01	4.355272609772254278e+00	-1.491936828000000048e+01	-4.502428340897630221e+00
4.298597194388777409e-01	4.355773243168528097e+00	-1.519132835999999998e+01	-4.241358850226929711e+00
4.308617234468937740e-01	4.355250198454582389e+00	-1.552156560000000241e+01	-3.849754614220878057e+00
4.318637274549098071e-01	4.355664046027495573e+00	-1.574819899999999961e+01	-3.686586182551689461e+00
4.328657314629258401e-01	4.356455660359907611e+00	-1.592303048000000132e+01	-3.425516691880988951e+00
4.338677354709418732e-01	4.355981007815764805e+00	-1.614966387999999853e+01	-3.327615632879475704e+00
4.348697394789579063e-01	4.355099788254716664e+00	-1.616908960000000306e+01	-3.197080887544125449e+00
4.358717434869739393e-01	4.355861145086921127e+00	-1.626621820000000085e+01	-3.131813514876450544e+00
4.368737474949899169e-01	4.357847781831186929e+00	-1.627269344000000117e+01	-3.164447201210287997e+00
4.378757515030059499e-01	4.358772425961321417e+00	-1.610433719999999980e+01	-3.099179828542612647e+00
4.388777555110219830e-01	4.357770090215217884e+00	-1.609786196000000302e+01	-3.197080887544125449e+00
4.398797595190380161e-01	4.356479001181425836e+00	-1.600073336000000168e+01	-3.360249319213313601e+00
4.408817635270540491e-01	4.356324601764428373e+00	-1.583237712000000030e+01	-3.523417750882501309e+00
4.418837675350700822e-01	4.356455648398092073e+00	-1.558631800000000212e+01	-3.653952496217852008e+00
4.428857715430861153e-01	4.355875314356569383e+00	-1.534025888000000215e+01	-3.915021986888552963e+00
4.438877755511021483e-01	4.354707412728632043e+00	-1.497117020000000132e+01	-4.241358850226929711e+00
4.448897795591181814e-01	4.353325683815549851e+00	-1.469921012000000182e+01	-4.600329399899142579e+00
4.458917835671342145e-01	4.352674848080678061e+00	-1.430422048000000146e+01	-4.894032576903681431e+00
4.468937875751502475e-01	4.353182001301993509e+00	-1.392218132000000175e+01	-5.285636812909733528e+00
4.478957915831662806e-01	4.353236784759943134e+00	-1.346891452000000200e+01	-5.677241048915783850e+00
4.488977955911823137e-01	4.351575594345132636e+00	-1.298974676000000095e+01	-6.199380030257186647e+00
4.498997995991983467e-01	4.349388663042699221e+00	-1.243287611999999953e+01	-6.688885325264751103e+00
4.509018036072143798e-01	4.347976031721931811e+00	-1.184362928000000181e+01	-7.276291679273828805e+00
4.519038076152304129e-01	4.346824793770796447e+00	-1.126733292000000120e+01	-7.831064346949068167e+00
4.529058116232464459e-01	4.345252796092031744e+00	-1.049677936000000145e+01	-8.516371759959659116e+00
4.539078156312624790e-01	4.343474534512965057e+00	-9.842780120000000466e+00	-9.234312859304084853e+00
4.549098196392785121e-01	4.341773820458269206e+00	-9.046325599999999412e+00	-9.919620272314675802e+00
4.559118236472945451e-01	4.340212941005888503e+00	-8.243395839999999808e+00	-1.067019505799294166e+01
4.569138276553105782e-01	4.338607536134909459e+00	-7.362763199999999841e+00	-1.145340353000504408e+01
4.579158316633266113e-01	4.336369387550343291e+00	-6.443279119999999693e+00	-1.239978043368633465e+01
4.589178356713426443e-01	4.333484488523120071e+00	-5.471993120000000488e+00	-1.331352365103379043e+01
4.599198396793586774e-01	4.330910795455629625e+00	-4.500707119999999506e+00	-1.416199949571356953e+01
4.609218436873747105e-01	4.328916708743196118e+00	-3.542371600000000065e+00	-1.520627745839637335e+01
4.619238476953907435e-01	4.326524485415824017e+00	-2.448056039999999989e+00	-1.625055542107917717e+01
4.629258517034067766e-01	4.322974085260510080e+00	-1.301938559999999967e+00	-1.736010075642965234e+01
4.639278557114228096e-01	4.318992232545481258e+00	-2.076230000000000020e-01	-1.837174503277862314e+01
4.649298597194388427e-01	4.316361701863824507e+00	9.384944800000000198e-01	-1.944865668179526352e+01
4.659318637274548758e-01	4.315881667725534498e+00	1.948631919999999962e+00	-2.055820201714574225e+01
4.669338677354709088e-01	4.315979077083777149e+00	3.120650359999999957e+00	-2.160247997982854429e+01
4.679358717434869419e-01	4.314477580329844741e+00	4.130787800000000232e+00	-2.271202531517902656e+01
4.689378757515029750e-01	4.311505522282826242e+00	5.348132920000000290e+00	-2.378893696419566695e+01
4.699398797595190080e-01	4.308449205496659218e+00	6.468349440000000783e+00	-2.483321492687846899e+01
4.709418837675350411e-01	4.306111614103651952e+00	7.478486880000000170e+00	-2.591012657589510937e+01
4.719438877755510742e-01	4.305042125827831079e+00	8.631079599999999630e+00	-2.698703822491174975e+01
4.729458917835671072e-01	4.304476268205628564e+00	9.576464640000001083e+00	-2.793341512859304387e+01
4.739478957915831403e-01	4.303076894058404100e+00	1.065782971999999873e+01	-2.894505940494200757e+01
4.749498997995991734e-01	4.301282432315797877e+00	1.160321476000000018e+01	-2.982616893595562502e+01
4.759519038076152064e-01	4.299875544886651468e+00	1.243204547999999932e+01	-3.077254583963691559e+01
4.769539078156312395e-01	4.298662841516451394e+00	1.344865816000000081e+01	-3.158838799798285635e+01
4.779559118236472726e-01	4.297630919650242021e+00	1.405733071999999950e+01	-3.230632909732728564e+01
4.789579158316633056e-01	4.297501691885480923e+00	1.479550807999999940e+01	-3.302427019667170782e+01
4.799599198396793387e-01	4.298409267072922368e+00	1.538475491999999889e+01	-3.364431023701462919e+01
4.809619238476953718e-01	4.298724626171949836e+00	1.574736835999999940e+01	-3.410118184568835176e+01
4.819639278557114048e-01	4.297656518632989808e+00	1.601285319999999857e+01	-3.432961765002522014e+01
4.829659318637274379e-01	4.296729947233458802e+00	1.614883324000000187e+01	-3.462332082702975811e+01
4.839679358717434710e-01	4.296376529270680145e+00	1.626538756000000063e+01	-3.459068714069591977e+01
4.849699398797595040e-01	4.295766110559751993e+00	1.634309043999999744e+01	-3.465595451336358934e+01
4.859719438877755371e-01	4.295609304155902031e+00	1.640784284000000071e+01	-3.475385557236510436e+01
4.869739478957915702e-01	4.296016610671652636e+00	1.645316951999999944e+01	-3.478648925869894271e+01
4.879759519038075477e-01	4.295638156197789215e+00	1.648554571999999752e+01	-3.485175663136661939e+01
4.889779559118235808e-01	4.295477446673954702e+00	1.650497143999999849e+01	-3.488439031770045773e+01
4.899799599198396138e-01	4.297068624491116040e+00	1.646612000000000009e+01	-3.488439031770045773e+01
4.909819639278556469e-01	4.298461930548242549e+00	1.629776375999999871e+01	-3.475385557236510436e+01
4.919839679358716800e-01	4.297656872417836560e+00	1.576031884000000005e+01	-3.436225133635905138e+01
4.929859719438877130e-01	4.296148589037872334e+00	1.541065588000000020e+01	-3.393801341401916716e+01
4.939879759519037461e-01	4.296042338283666773e+00	1.493796335999999947e+01	-3.341587443267776081e+01
4.949899799599197792e-01	4.297007889067362640e+00	1.436166700000000063e+01	-3.289373545133636156e+01
4.959919839679358122e-01	4.297614096293135511e+00	1.381774683999999986e+01	-3.230632909732728564e+01
4.969939879759518453e-01	4.297510852120274727e+00	1.293711419999999990e+01	-3.171892274331820616e+01
4.979959919839678784e-01	4.297325281239322337e+00	1.226368923999999971e+01	-3.090308058497226540e+01
4.989979959919839114e-01	4.297815550922661210e+00	1.137010611999999909e+01	-3.011987211296016298e+01
5.000000000000000000e-01	4.299159124412470057e+00	1.058012683999999837e+01	-2.930402995461422222e+01
